-493
-79
-374
-404
-171
-423
-496
-289
-364
-375
-135
-488
-80
-485
-369
-278
-446
-438
-173
-79
-246
-362
-60
-193
-338
-144
-154
-213
-451
-443
-47
-474
-342
-283
-34
-10
-365
-241
-304
-128
-477
-439
-178
-281
-279
-342
-465
-486
-31
-173
-364
-405
-30
-122
-217
-447
-61
-269
-65
-69
-247
-189
-238
-143
-198
-453
-30
-175
-144
-159
-119
-286
-66
-74
-132
-211
-14
-286
-55
-258
-146
-205
-98
-322
-157
-64
-497
-452
-406
-453
-194
-330
-364
-45
-475
-110
-426
-376
-181
-369
-42
-46
-104
-114
-450
-341
-13
-348
-400
-278
-445
-318
-394
-361
-441
-392
-62
-165
-76
-254
-200
-376
-274
-407
-366
-112
-458
-367
-316
-319
-480
-6
-1
-331
-432
-353
-242
-43
-225
-15
-7
-371
-294
-434
-254
-19
-62
-153
-416
-313
-202
-343
-82
-235
-383
-475
7
-184
-208
-145
-458
-48
-160
-349
-370
-13
-325
-247
-84
-263
-253
-458
-329
-112
-118
-445
-205
-408
-375
-334
-221
1
-194
-12
-125
-88
-336
-455
-242
-271
-115
-469
-170
-285
-271
-162
-423
-42
-179
-175
-84
-18
-257
-321
-299
-327
-165
-396
-120
-334
-98
-490
-433
-236
-257
-355
-482
-130
-213
-119
-318
-372
-142
-309
-182
-272
-307
-123
-466
-417
-72
-450
-281
-382
-276
-107
-416
-93
-16
-140
-379
-493
-194
-111
9
-474
-151
-37
-246
-50
-203
-303
-175
-228
-98
-116
-381
-403
-390
-88
-475
-392
-193
-340
-395
-313
-348
-26
-57
-486
-431
-173
-227
-44
-152
-144
-231
-465
-255
-123
-143
-287
-393
-465
-176
-107
-328
-286
-112
-242
-26
-405
-400
-62
-8
-333
-468
-254
-304
-20
-104
-258
-279
-376
-451
-81
-376
-227
-344
-164
-2
-182
-351
-183
-405
-336
-109
-394
-52
-226
7
-151
-45
-166
-119
-425
-389
-486
-9
-117
-225
-251
-193
-344
-461
-325
-464
-338
-182
-338
-428
-332
-32
-71
-225
-289
-367
-1
-348
-460
-303
-499
-291
-120
-435
-126
1
-42
-164
-143
-151
-193
-226
-464
-441
-251
-270
-250
-35
-136
-498
-202
-11
-429
-338
-8
-272
-165
-235
-127
-225
-261
-283
-126
-201
-61
-51
-231
-379
-358
-181
-251
-226
-336
-416
-76
-104
-48
-275
-54
-393
-378
-182
-36
-356
5
3
-161
-366
-64
-228
-441
-300
-78
-130
-400
-438
-329
-386
-34
-491
-324
-206
-280
-331
-45
-424
-406
-341
-136
-415
-28
-182
-131
-135
-368
-429
-256
-162
-481
-291
-269
-487
-285
-9
-111
-98
-463
-308
-312
-160
-96
-268
-63
-241
6
-49
-129
-142
-401
-370
-499
-143
-356
-349
-489
-377
-430
5
-395
-421
-186
-425
-437
-31
-276
-231
-331
-323
-96
-373
-311
-8
-494
-268
-287
-76
-163
-99
-177
-147
-439
-355
-100
-55
-435
-67
-281
-499
-40
-429
-4
-14
-169
-428
-266
-272
-439
-279
0
-4
-125
-216
-116
-398
6
-240
-140
-320
-305
-479
-319
-333
-248
-438
-186
-484
-302
-440
-458
-129
-207
-269
-448
-469
-419
-19
-177
-408
-244
-272
-288
-263
-388
-159
-441
-186
-19
-134
0
-79
-164
-456
-494
-157
-272
-202
-86
-354
-213
1
-184
-380
-420
-374
-339
-164
-159
-176
-417
-259
-66
-107
-92
-217
-64
-15
-418
-454
-301
-155
-220
-131
-13
-157
-204
-300
-478
-395
-409
-436
-51
-419
-367
-119
-106
-215
-440
-216
-339
-402
-52
-392
-319
-143
-215
-143
-490
-32
-95
-433
-357
-59
-483
-466
-457
-450
-141
-43
-417
-98
-358
-17
-17
-119
-304
-442
-77
-417
-78
-268
-231
-245
-461
-196
-83
-453
-182
-106
-177
-16
-314
4
-135
-225
-364
-225
-3
9
-486
-334
-385
-126
-330
-363
-313
-82
-224
-237
-150
-59
-216
-415
-452
-9
-128
-175
-359
-380
-449
-244
-235
5
-338
-241
-274
-424
-248
-426
-368
-188
-27
-459
-244
-255
-270
-46
-112
-313
-156
-160
-237
-496
-100
-124
-388
-41
-349
-126
-87
-486
-160
-378
-347
-412
-407
-489
-72
-22
-267
-326
-120
-318
-229
-317
-210
-485
-81
-403
-386
-303
-309
-281
-126
-302
-52
-232
-278
-300
-18
-282
-315
-262
-177
-60
-203
-86
-410
-21
-260
-146
-339
-193
-233
-457
0
-35
-166
-126
-179
-445
-478
-305
-121
-267
-426
6
-500
-148
-382
-182
-33
-347
-157
-314
-136
-242
-152
-157
-79
-12
-206
-484
-251
-289
-269
-478
-376
-12
-202
-427
4
-86
-428
-343
-476
-312
-202
-266
-345
-139
-189
-179
-219
-129
-474
-282
-397
-268
-387
5
-401
-499
-493
-481
-40
-56
-308
-27
-124
-497
-185
-72
-478
-394
-169
-482
-103
-418
-413
-478
-463
-329
-393
-76
-93
-258
-388
-456
-244
-437
-304
-134
-408
-50
-405
-298
-405
-344
-88
-436
-68
-190
-317
-4
-222
-316
-376
-213
-132
-437
-375
2
-132
-470
-467
-475
-117
-462
-342
-19
-351
-245
-328
-241
-240
-445
-16
-311
-315
-220
8
-8
-401
-442
-356
-117
-333
-239
-339
-45
-478
-40
-321
7
-443
-304
-95
-272
-198
-185
-207
-169
-128
-269
-74
-136
-304
-430
6
-208
-165
-287
2
-277
-376
-407
-397
-380
-71
-209
-256
-308
-169
-51
-443
-18
-406
-351
-138
-70
-307
-484
-63
-333
-163
-489
-110
-317
-135
-317
-326
-15
-67
-362
-144
-52
-98
-75
-2
-412
-219
-414
-431
-218
-324
-102
-457
-499
-484
-491
-352
-355
-139
-497
-428
-12
-285
-303
-35
-83
-138
-168
-451
-288
-255
-338
-101
-139
9
-166
-33
-443
-238
-203
-461
-260
-479
-239
-357
-253
-258
-143
-147
-182
-485
-51
-229
-77
-69
-436
-22
-408
-459
-63
-446
-385
-235
-144
-195
-460
-193
-121
-171
-338
-394
-230
-262
-419
-197
-227
-200
-365
-170
-322
-291
-294
-383
-402
-200
-85
-467
-196
-49
-105
-145
-160
-158
-121
-376
-483
-157
-149
-493
-279
-452
-210
-344
-114
-1
-175
-500
-165
-405
-447
-115
-137
-150
-82
-269
-423
-209
-187
-82
-424
-480
-157
-433
-331
-334
-243
-193
-339
-231
-88
-194
-276
-488
-273
-440
-16
-157
-283
-428
-348
-312
-294
-220
-413
-80
-220
-429
-416
-30
-402
-228
4
-51
-132
-153
-26
-139
-17
-382
-179
-154
-92
-425
-154
-237
-238
-213
-477
-459
-216
-225
4
-420
-282
-37
-201
-434
-370
-227
-61
-83
-456
-460
-477
-329
-317
-222
-456
-194
-110
-379
-221
-341
-441
-92
-111
-89
-323
-426
-378
-230
-383
-94
-212
-119
-138
-455
-90
-139
-40
-191
-473
-485
-302
-294
-86
-395
-237
-291
-106
-226
-428
-28
-392
-480
-438
-330
-306
-34
-448
-457
-245
-473
-127
-463
-105
-261
-96
-53
-311
-170
-124
-496
-39
-113
-190
-134
-499
-245
-58
-292
-430
-457
-268
-306
-433
-6
-296
-477
-463
-270
-39
-418
-18
-311
-53
-441
-181
-11
-9
-397
-369
-335
-306
-175
-448
-170
-495
-91
-409
-10
-379
-58
-236
-365
-223
-149
-278
-218
-466
-199
-61
-188
-247
-154
-463
-10
-135
-395
-244
-409
-301
-219
-342
-236
-329
-186
-319
3
-417
-276
-25
-277
-470
-343
-448
-298
-131
-321
-338
-224
-468
-469
-469
-26
-165
-231
-11
2
-283
-434
-87
-243
-136
-66
-177
-387
-416
-160
-318
-213
-214
-271
-402
-438
-408
-148
-105
-314
-446
-14
-478
-124
-56
-373
-250
-312
-43
-417
-188
-247
-150
-307
-246
-25
-31
-460
-150
-407
-483
9
-229
-353
-363
-387
-461
-59
-5
-97
-214
-193
-62
-394
-457
-222
-31
-105
-102
-228
-336
-377
-228
-445
-437
-186
-163
-445
-66
-167
-169
-56
-355
-164
-410
-92
-179
-234
-216
-45
-276
-363
-336
-361
-196
-208
-276
-74
-461
-168
-295
-148
-405
-122
-100
-151
-344
-337
-201
-83
-388
-500
-443
-431
-214
-112
-40
-345
-95
-498
-46
-67
-131
-96
-291
4
-35
-296
-410
-391
-25
-191
-372
-423
-477
-157
-71
-192
-478
-454
-495
-210
-472
-147
-446
-35
-417
-475
-56
-354
-265
-13
-142
-9
-111
-181
-312
-423
-371
-326
-170
-183
-84
-250
-126
-272
-446
8
-188
-182
-315
-323
-196
-349
-192
-180
-436
-138
-297
-460
-233
-55
-406
-176
-85
-149
-34
-67
-492
-99
-237
-224
-479
-213
-450
-137
-422
-321
-355
-241
-100
-305
1
-246
-112
-256
9
-28
-390
-236
-284
-453
-383
-220
-455
-337
-273
-483
-127
-233
-410
-11
-112
-212
-33
-271
-486
-249
-221
-218
-249
-277
-133
-10
-66
-331
-463
-85
-495
-112
-470
-361
-21
-96
-276
-158
-55
-361
-445
-239
-73
-205
-201
-98
-15
-143
-500
-24
-214
-388
-363
-479
-126
-159
-183
-40
-296
-125
-169
-400
-271
-495
-406
-175
-191
-231
-305
-13
-56
-48
-358
-325
-499
-470
-158
-471
-300
-84
-359
-238
-439
-243
-58
-92
-458
-377
-237
-409
-126
-410
-124
-317
-382
-199
-371
-406
-197
-225
-434
3
-454
-67
-420
-289
-341
-443
-26
-329
-181
-191
-332
-47
-434
3
-114
-95
-236
-249
-400
-203
-349
-61
-208
-33
-179
-288
-308
-316
-243
-115
-452
-224
-407
-243
-375
-259
-161
-142
-127
-425
-280
-105
-487
-316
-102
-399
-233
-175
-280
-175
-460
-99
-294
-378
-147
-185
-443
-54
-493
-219
-353
-60
-90
-174
-279
-285
-330
-329
-183
-209
-358
-122
-215
-271
-373
-91
-194
-358
-96
-475
-13
-359
-255
-137
-89
-149
-153
-409
-365
-72
-481
7
-131
-181
-429
-223
-197
-392
-180
-412
-19
-141
-338
-140
-459
-73
-376
-362
-300
-435
-269
-450
-392
-19
-433
-46
-391
-419
-334
-360
-325
-19
-299
-122
-483
-181
-481
-15
-154
-253
-332
-85
-467
-441
-217
-25
-440
-180
-323
-19
-173
-350
-95
-267
-193
-67
-127
-417
-267
-271
-238
-135
-428
-191
-248
-475
5
-177
-114
-455
-358
-279
-489
-319
-253
-454
-104
-44
-485
-354
-107
-27
-465
-116
-178
-20
-84
-455
-37
-178
-373
-51
-23
-108
-294
-299
-322
-455
-32
-6
-137
-311
-448
-463
-221
-323
-43
-140
-169
-12
-102
-32
-419
-421
-103
-481
-444
-451
-72
-47
-277
-97
-178
-366
-334
-14
-142
-193
-321
-159
-156
-460
-379
-362
-91
-186
-210
-211
-395
-177
-19
-112
-5
-341
-205
-489
-192
-34
-124
-402
-19
-21
-296
-368
-408
-123
-91
-414
-246
-173
-293
-75
-191
-90
-350
-54
-342
-393
-409
-252
-319
-389
-285
-57
-464
-121
-139
-1
-412
-430
-200
-389
-500
-422
-132
-17
-293
-464
-18
-80
-341
-444
-34
-81
-319
-491
-435
-352
-172
-485
-312
-190
-364
-291
-465
-348
-78
-382
-388
-428
-193
-431
-168
-25
-444
-457
-187
-262
-362
-15
-256
-482
-182
-3
-166
-217
-65
-107
-46
-248
-483
-83
-265
-133
8
-171
-17
-337
-7
-168
-443
-489
-116
-245
-246
-188
-456
-209
5
-388
-330
-454
-346
-73
-371
-31
-294
-99
-398
-284
-62
-96
-264
-120
-233
-488
-21
-67
-58
-500
-480
-335
-390
-36
-499
-343
-190
-75
-48
-386
-475
-427
-96
-497
-148
-461
-110
-327
-299
-159
-212
-170
-463
-32
-175
-316
-259
-4
-396
-185
-135
-123
-219
-329
-211
-253
-240
4
-200
-405
-371
-48
-208
-479
-417
-448
-422
-237
-203
-46
-470
-221
-19
-251
-247
3
-300
-91
-32
-29
-219
-495
-476
-160
-182
-123
-22
-263
-450
-86
-488
-128
-171
5
-404
-495
-196
-65
-84
-292
-265
-284
-135
-33
-375
-102
-155
-123
-208
-49
-78
-374
-281
-79
-453
-35
-434
-80
-435
-189
-37
-490
-273
-249
-240
-38
-126
-82
-129
-319
-455
-5
-279
-17
-119
-92
-86
-267
-127
-19
-247
-279
-170
-58
-93
-481
-39
-475
-385
-332
-456
-477
-55
-335
-423
-396
-199
-168
-198
-73
-278
-327
-474
-206
-223
-77
-303
-221
-67
-350
-466
-394
-31
-448
-72
-482
-284
-79
-145
-173
-316
-326
-45
-343
-204
-69
-256
-434
-338
-361
-34
-477
-345
-214
-143
-348
-58
-487
-423
-247
-99
-412
8
-93
-317
-351
8
-335
8
-28
-413
-455
-163
-264
-39
-144
-107
-16
-95
-154
-220
-89
-86
-367
-468
-176
-268
-285
-1
-229
-149
-398
-144
7
-21
-197
-262
-24
-359
-407
-407
-269
-255
-47
-177
-264
-341
-119
8
-152
-287
-171
-66
-265
-225
-338
-364
-134
-260
-457
-111
-293
-344
-308
-383
-53
-417
-270
-108
-45
-213
-197
-436
-344
-343
-476
-38
-104
-461
-424
-34
-140
-61
-337
-91
-39
-209
-40
-384
-196
-273
-143
-186
-152
-346
-78
-466
-189
-343
-459
-411
-319
-358
-494
-3
-5
-127
-167
-124
-197
2
-325
-164
-148
-150
-187
-195
-456
8
-424
-498
-203
-455
-81
-444
-289
-201
-129
-315
-95
-294
-206
-484
-377
-148
-35
-70
-223
-472
-446
1
-334
-245
-366
-231
-182
-215
-471
-140
-221
-197
-274
-499
-331
-122
-339
-225
-401
-179
-384
-375
-398
-313
-476
-465
-113
-315
-225
-314
-89
-100
-224
-255
-119
-85
-133
-112
-377
-351
-111
-220
-87
-116
-143
-445
-474
-225
-345
-498
-373
-291
-6
-471
-483
-73
-336
-161
-44
-95
9
-3
-34
-183
-137
-312
-46
-343
4
-372
-58
-55
-44
-369
-443
-293
-361
-249
-464
-401
-355
-274
-237
-368
-454
-59
-204
-410
-76
-427
-47
-189
-313
-123
-73
-333
-465
-24
-111
-413
-109
-455
-227
-405
-444
-234
-290
-473
-363
-129
-1
-270
-19
-490
-356
-271
-270
-368
-128
-336
-116
-491
-498
-431
-484
-20
-391
-251
-325
-390
-429
-48
-434
-314
-168
-171
-4
-138
-38
-117
4
-46
-378
-219
-290
-189
-228
-179
-250
-3
-360
-52
-200
-126
-116
-58
-70
-264
-265
-349
-264
-343
-408
-42
-435
-93
-147
-189
-308
-432
-162
-293
-272
-193
-85
-486
-207
-190
-367
-182
-112
-467
-259
-90
-471
-2
-460
-325
-306
-157
-81
-92
-365
-26
-151
-339
-32
-480
-52
-404
-304
-483
-324
-66
-325
-262
-71
-1
-131
-248
-1
-410
-46
-177
-355
-6
-35
-51
-239
-109
-264
-260
-475
9
-12
-48
-128
-50
-322
-102
-462
-355
-456
-228
-198
-121
-35
-23
6
-308
-414
-221
-394
-103
-371
-70
-485
-18
-419
-314
-19
-364
-121
-316
-171
-313
-7
-96
-376
1
-97
-166
-217
-356
-215
-317
-263
-114
-31
-267
-341
-287
-278
-398
-159
-301
-203
-142
-292
-102
-110
-221
-471
-296
-385
-307
-342
-159
-70
-252
-285
-349
-52
-477
-433
-214
-126
-415
-111
-251
-313
-41
-372
-87
-28
-351
-194
-249
-119
-80
4
-397
-124
-144
-302
-269
-79
-117
-186
-443
-319
-86
-89
-295
-321
-160
-94
-492
-371
-9
-162
-352
-53
-497
-267
-15
-365
-14
-465
-351
-453
-382
-130
-385
-289
-459
-163
-479
-144
-186
-324
-352
-276
-185
-160
-369
-337
-283
-301
-228
-321
-59
-163
-268
-412
-72
-42
-218
-258
-265
-320
-113
-318
-395
-493
-32
-336
-208
-449
-131
-130
-459
-420
-178
-386
-8
-191
-100
-281
-242
-268
-78
-347
-10
-395
-235
-213
-248
-163
-238
-276
-374
-374
-132
-117
-196
-406
-354
-358
-412
9
-164
-478
-166
-34
-404
-273
-128
-62
-394
-39
-140
-76
-248
-208
-325
-387
-80
-403
-83
-152
-481
-69
-214
-497
-477
-72
-109
-357
-118
-365
-345
-12
-252
-1
-69
-219
-379
-467
-359
-74
-193
-51
-473
-16
-378
-446
-419
-399
-202
-393
-443
-100
-95
-173
-498
-310
-425
-43
-315
-206
-79
-182
-4
-40
-448
-353
-318
-165
-373
-434
-238
-90
-49
-179
-374
-182
-483
-269
-48
-440
-50
-75
-388
-205
-36
-385
-60
-248
-481
-321
-353
-266
-245
-310
-366
-174
-347
-226
-13
-94
-159
-91
-137
-430
-462
-100
-127
-294
-57
-70
-282
-175
-239
-458
-118
-348
-39
-70
-304
-73
-263
-169
-93
-224
-181
-150
-227
-273
-375
-153
-88
-103
-469
-182
-175
-214
-285
-158
-6
-28
-123
-446
-169
-137
-197
-189
-78
-202
-201
-415
-440
-174
-80
-347
-143
-492
-169
-97
-155
-291
9
-233
-159
-424
-324
-77
-284
-481
-100
-279
-460
-161
-474
-126
-218
-410
-98
-52
-430
-341
-331
-371
-187
-364
-463
-379
-66
-215
-249
-425
-468
-48
-195
-375
-441
-119
-379
-166
-205
-158
-296
-396
-89
-395
-274
-147
-347
-36
-115
-424
-438
-383
-437
2
-288
-237
-166
-209
-87
-40
-306
-325
-292
-220
-459
-367
-404
-28
-194
-128
-75
-262
-464
-298
-24
-227
-164
-19
-239
-20
-49
-231
-52
-78
-116
-26
-218
-175
-198
-174
-19
-274
-446
-337
-338
-437
-385
-479
-20
-141
-310
-48
-495
-213
-112
-64
-320
-306
-261
-137
-42
-70
-340
-283
-449
-226
-369
-227
-64
-68
-286
-37
-212
-476
-451
-202
-291
-340
-290
-240
-275
-12
-116
-114
-394
-359
-110
-497
-121
-445
-431
-171
-171
-171
-286
-315
-330
-250
-362
-115
-104
-88
-178
-86
-483
-250
-357
-306
3
-26
-364
-27
-67
-418
-431
-331
-37
-481
-112
-340
-40
-440
-83
-208
-124
-54
-105
-247
-301
-310
-434
-466
-319
-21
-405
-106
-239
-110
-481
-264
-195
-385
-122
-170
-65
-40
-10
-269
-47
-491
-16
-349
-23
-89
-328
-274
-208
-305
-202
-195
-68
-323
-48
-307
-47
-49
-9
-399
-236
-206
-465
-109
-67
-429
-243
-483
-249
-498
-366
-125
-268
-51
-415
-56
-336
-281
-153
-86
-148
-102
-336
5
-296
-386
-27
-17
-460
-386
-1
-272
-351
-107
-489
-159
-467
-308
-2
-278
-474
-239
-189
-394
-33
-244
-51
-66
-432
-165
-122
-393
-241
-419
-216
-102
-487
-220
-261
-195
-367
-483
-161
-216
-177
-158
-119
-340
-348
-221
-492
-236
-53
-40
-24
-251
-58
-202
-148
-272
-382
-389
-474
-78
-73
-105
-439
-28
-495
-457
-110
-249
-170
-259
-191
-125
-46
-385
-336
-238
-302
-64
-246
-123
-352
-59
-465
-16
-493
-348
-391
-148
-280
-138
-187
-465
-359
-313
-307
-173
-395
-341
-381
-337
-445
-120
-350
-93
-336
-5
-72
-450
-241
-127
-15
-23
-16
-493
-203
-377
-290
-406
-24
-362
-96
-474
-86
-367
-499
-456
-69
-122
-146
-449
-29
-152
-94
-163
-485
-265
-362
-17
-182
-326
-151
-305
-293
-464
-169
-378
-481
-308
-452
-411
-153
-383
-210
-497
-125
-330
-169
-263
-279
-144
-500
-347
-12
-379
-207
-34
-73
-102
-68
-108
-244
-27
-338
-449
-254
-441
-443
-391
-399
-95
-52
-468
-111
-5
-222
-497
-154
-268
-186
-355
-66
-375
-69
-243
-1
-358
-411
-37
-274
-467
-456
-227
-290
-158
-40
-97
-287
-481
-4
-200
-171
-294
-62
-411
-190
-317
-207
-377
-72
-182
-485
-474
-328
-412
-398
-95
-225
-439
-93
-184
-277
9
-92
-192
-470
-335
-429
-442
-286
-297
-276
-275
-257
-5
-133
-371
-352
-190
-150
-162
-162
-45
-66
-393
-23
-233
-358
-234
-350
-460
-221
-460
-424
-275
-123
-304
-204
-204
-234
-96
-6
-238
-167
-409
-209
-239
-181
5
-236
-459
-207
-356
-370
-370
-37
-466
-91
-379
-122
-290
-422
-70
-61
-401
-273
-98
-156
-436
-271
-293
-497
-80
-326
-176
-191
-171
-176
-327
-291
-454
-105
-226
-200
-135
-219
-477
-433
-126
-214
-460
-372
-500
-338
-194
-31
-17
-445
-231
-313
-286
-87
1
-29
-255
-243
-7
8
-318
-218
-112
-153
-227
-232
-317
-469
-349
-380
-424
-69
-309
-488
-492
-403
-40
-89
-147
-495
-296
-253
-12
-85
-358
-102
-368
-40
-397
-266
3
-210
-242
-28
-261
-444
-175
-385
3
-128
-340
-120
-67
-71
-224
-452
-243
-111
-186
-419
-331
-218
-124
-393
-144
-225
-4
-409
8
-167
-348
-275
-440
-485
-241
-62
-362
-429
-168
-428
-401
-191
-382
-407
-215
-191
-377
-141
-68
-207
-13
-303
-182
-32
-275
-73
-313
-182
-10
-416
-149
-80
3
-81
-466
-160
-109
-390
-239
-233
-35
-124
-437
-95
-43
-252
-267
-20
-312
-76
-499
-485
-5
-351
-414
-235
-85
-478
-189
-124
-290
-58
-487
-107
-364
-19
-140
-262
-38
-27
-327
-102
-61
-311
-77
-287
-345
-11
-130
-4
-22
-77
-368
-232
-298
-280
-460
-125
-287
-171
-254
-32
-440
-174
0
-381
-108
-282
-231
-183
-432
-368
-481
-293
-65
-85
-8
-99
-286
-381
-80
-208
-454
-407
-242
-435
-431
-494
-284
-252
-425
-94
-71
-292
-94
-372
-209
-188
-408
-91
-180
-338
-384
-438
-168
-421
-262
-364
-331
-265
-42
6
-52
-408
-438
-165
-255
2
-356
2
-137
-205
-7
-441
-482
-498
-109
-297
-296
-334
-373
-279
-106
-313
-58
-449
-350
-13
-84
-284
-343
-65
-162
-307
-479
-418
-358
-329
-275
-363
-485
-292
-375
5
-388
-392
-26
-302
-240
-474
-93
-55
-184
-406
-208
-3
-344
-370
-274
-267
-392
-56
-132
-37
-353
-467
-142
-397
-406
-238
-349
-131
-335
-317
-184
9
-200
-94
-189
-82
-119
-379
-357
-145
-8
-420
-51
-48
-299
-468
-198
-94
-269
-363
-4
-31
-330
-19
-183
-19
-475
-470
-62
-491
-163
-420
-29
-246
-304
-118
-224
-40
-228
-361
-416
-477
-138
-78
-400
-330
-236
-313
-364
-169
-401
-111
-94
-276
-15
-393
-361
-240
-166
-268
-182
-302
-398
-191
-106
3
-461
-376
-492
-393
-499
-70
-196
-443
-116
-463
-134
-76
-404
-215
-82
-125
-175
-426
-484
-71
-217
-432
-224
-208
-51
-495
-176
-80
-183
-239
-7
-490
-55
-180
-164
-105
-128
-374
-113
-130
-193
-426
-487
-135
-53
-32
-228
-154
-98
-426
-118
-18
-328
-213
-145
-145
-375
-355
-386
-157
-33
-451
-241
-78
-428
-428
-80
-287
-237
-139
-102
-33
-382
-456
-213
-51
-414
-57
-320
-157
-268
-170
-285
-208
-66
-98
-159
-433
-461
-353
-45
-6
-139
-394
-462
-65
-480
-153
-334
-418
-336
-424
-391
-269
-390
-237
-24
-246
-421
-90
-417
-335
-172
-441
-490
-227
-194
-107
-306
-395
-386
-107
9
-247
-219
-267
-65
-83
-169
-330
-232
-427
-140
-108
-87
-45
-154
-307
-53
-42
-54
-115
-113
-420
-174
-104
-52
-499
-439
-281
-187
-421
-72
-213
-434
-34
-130
-424
-174
-140
-240
-486
-338
-165
-142
-461
-98
-389
-242
-240
-282
-48
-433
-392
-461
-336
-49
-438
-102
-176
-183
-68
-477
-392
-336
-466
-122
-66
6
-320
-60
-259
-173
-291
-215
-29
-21
-235
-83
4
-318
-400
-149
-235
-355
-336
-54
-391
-199
-33
-176
-213
-281
-230
-409
-290
-413
-353
-53
-102
-206
-305
-44
-210
-257
-382
-207
-89
-444
-332
-479
-298
-79
-103
-30
-397
-349
-326
-315
-183
-338
-34
-89
-383
-457
-297
-385
-274
-169
-457
8
-387
-58
-305
-211
-301
-485
-282
-108
-189
-438
-386
-144
-203
6
-371
-257
-129
-17
-265
1
-111
5
-210
-367
3
-179
-459
-286
-129
-152
-88
-433
-89
-226
-110
-487
-5
-158
-272
-263
-134
-415
-351
-348
-109
-34
-138
-452
-105
-191
-12
-271
-192
-257
-25
-350
-381
-393
-188
-18
-3
-338
-476
-210
-335
-471
-448
-305
-467
-93
-85
-416
-256
-294
-314
-10
-67
-344
-338
-320
-112
-30
-382
-337
-441
-293
-165
-345
-190
-359
-172
-68
-213
-385
-412
-109
-53
-315
-180
-264
-173
-265
-2
-371
-297
-136
-32
-269
-185
-390
-330
-375
-460
-316
-410
-286
-433
-350
-144
-454
-233
-411
-107
-500
-24
-27
-303
-211
-419
-179
-378
-34
-353
-3
-124
-175
-363
-362
-73
-19
-282
-147
-43
-335
-297
-81
-266
-431
-74
-441
-390
-362
-42
-492
-150
-97
-325
-418
-339
-29
-399
-139
-129
-265
-256
-400
-136
-355
-254
-288
-175
-493
-116
-147
-324
-203
-85
-136
-251
-327
-93
-22
-355
-167
-121
-420
-334
-265
-173
-443
-468
-459
-8
-477
-270
-7
-64
-103
-271
-412
-396
-312
-375
-393
-79
-4
-368
-441
-265
-223
-206
-478
-496
-465
-36
-165
-413
-131
-207
-354
-153
-72
-210
-368
-28
-60
-366
-418
-70
-92
-44
-328
-275
-96
-372
-373
-418
-151
-22
-378
-208
-75
-379
-441
-44
-308
-226
-416
-111
-357
-68
0
-463
-332
-210
-11
0
-440
-192
-428
-110
-353
-326
-452
-159
-233
-370
-294
-472
-46
-250
-349
-491
-134
-377
-78
-484
-197
-227
-67
-433
-36
-311
-379
-315
-278
-440
-63
-363
-331
-469
-494
-133
-148
-205
-176
-137
8
-400
-328
-146
-135
-82
-492
-149
-374
-226
-71
-2
-204
-255
-271
-271
-305
-140
-337
-10
-114
-15
2
-478
-324
-58
-368
-328
-183
-179
-167
-294
-338
-403
-117
-165
-213
-158
-431
-373
-27
-449
-453
-334
1
-441
-197
-287
-175
-243
-291
-330
-320
-391
-83
-333
-490
-186
-225
-214
-178
-137
-199
-431
-186
-121
-124
-80
-64
-336
-171
-395
-27
-208
-303
-286
-146
-496
-465
-187
-439
-215
-395
-353
-301
-174
-334
-486
-340
-468
-242
-290
-267
-284
-411
-101
-121
-407
-73
-274
-169
-16
-389
-162
-270
-309
-156
-453
-219
-499
-491
-132
-138
-48
-457
-150
-295
-404
-34
-486
-45
-379
-351
-246
-202
-8
-296
-448
-155
-337
-298
-62
-423
-289
-169
-428
-165
-70
-41
-20
-382
-440
-416
-500
-345
-225
-225
-250
-97
-170
-178
-291
-336
-233
-486
-261
-78
-345
-219
-403
-41
-494
-483
-471
-133
-217
-477
-3
-161
-238
-165
-375
-77
-475
-426
-259
-347
-473
-206
-460
-151
-93
-370
-169
-485
6
-302
-167
-289
-95
-89
-304
-459
-2
-456
-296
-175
-394
-74
-178
-177
-61
-166
-85
-379
-305
-360
-24
-198
-410
-270
-224
-447
-282
-280
-414
-359
-426
-300
-32
-110
-66
-172
-378
-424
-198
-370
1
-334
-362
-193
-53
-490
-45
0
-149
-49
-377
-174
-159
-256
-378
-31
-368
-158
-451
-22
0
-362
-420
-308
-375
-413
-42
-302
-87
-194
-358
-181
-483
-435
-76
-275
-445
-464
-25
-80
-383
-343
-95
-288
-317
-425
-273
-233
-13
-371
-43
-158
-493
-444
-140
-360
-266
-281
-380
-49
-153
-292
-257
-91
-170
-285
-410
-190
-421
-19
-377
-246
-152
-41
-445
-210
-495
-333
-132
9
-84
-198
-256
-207
-109
-307
-43
-21
-155
-234
-457
-469
-274
-496
-234
-12
-288
-179
-137
-400
-112
-93
-102
-37
-244
-137
-161
-146
-134
-156
-42
-38
-104
-166
-35
4
-279
-341
1
-322
-296
-442
-347
-191
-376
-412
-180
-368
-205
-263
-483
-266
-448
-465
-356
-308
-184
-362
-334
-163
-140
-164
-182
-120
-240
-500
-466
-71
-93
-452
-58
-33
-188
-386
-474
-60
-141
-440
-145
-352
-42
-363
-431
-484
-143
-315
-213
-479
-206
-44
-149
-496
-245
-21
-13
-24
-56
-295
-103
-139
-178
-358
-133
-431
-137
-59
-45
7
-170
-477
-304
-444
-126
-499
-20
-286
-366
-185
-481
-174
-337
-127
-66
-114
-243
-52
-114
-60
-207
-464
-479
-229
-427
-279
-372
-154
-148
-394
-134
-311
-499
-462
-344
-317
3
-271
-485
-220
-55
-202
-356
-141
-65
-159
-453
-163
-220
-171
-355
-227
-224
-434
-409
-388
-155
-159
-173
-33
-30
-273
-12
-263
-16
-265
-124
-56
-462
-23
-358
-335
-66
-250
-13
-58
-185
3
-243
-452
-142
-171
-104
-311
-71
-221
-355
-301
-439
-342
-192
-290
-7
-476
-256
-439
-83
-248
-337
-457
-164
-278
-286
-311
-137
-455
-236
-391
-18
-45
-310
-355
-50
-351
-410
-435
-201
-94
-73
-91
-467
-472
-461
-462
-171
-295
-140
-379
-308
-45
-276
-344
-284
-261
-458
-474
-109
-151
-393
-405
-291
-6
-479
-153
-142
-221
-72
-230
-193
-365
-115
-490
-491
-424
-247
-324
-251
-176
-30
-37
-82
-451
-147
-126
-38
2
-124
-370
-140
-227
-22
-214
-220
-4
-487
-35
-209
-199
-292
-131
-182
-313
-282
-11
-331
-370
-469
-313
-40
-238
-89
-225
-74
-103
-11
-412
-164
-245
-291
-453
-148
-264
-128
-178
-424
-124
-372
-33
-143
-374
-367
-320
-165
-155
-494
-212
-103
-182
-10
-296
-247
-238
-411
-9
-283
-155
-442
-452
-7
-108
-352
-169
-200
-425
-414
9
-305
-430
-304
-351
-155
-6
-24
-392
-129
-203
-49
-141
-80
-205
-253
5
-113
-480
-258
-51
-161
-292
-479
-128
-328
-59
-434
-396
-131
-169
-386
-327
-220
-237
-388
-488
-440
-152
-415
-112
-214
-451
-72
-66
-38
-395
-289
-3
2
-326
-344
-328
-454
-426
-261
-126
-387
-19
-63
-48
-452
-474
-125
-87
-492
-409
-287
-87
-384
-344
-418
-275
-353
-490
-200
-303
-39
-96
-360
-436
-259
-314
-470
-307
-161
-35
-66
-467
-286
-289
-62
-100
-274
3
-229
-466
-29
-173
-375
-264
-294
-366
-179
-86
-195
-384
-447
-142
-299
-304
-485
-352
-115
-358
-215
-164
-103
-479
-319
-345
-383
-151
-131
-39
-357
-207
-89
-71
-169
-430
-289
-288
-72
-377
-75
1
-325
-53
-135
-157
-432
-435
-181
-49
-454
-203
-236
-180
-98
-392
-32
-456
-172
-145
-492
-393
-375
3
-244
-418
-276
-497
-196
-171
-324
-268
-289
-112
-241
-351
-44
-451
-193
-400
-43
-327
-477
-200
-278
-480
-301
-162
-242
-131
-45
-439
-120
-130
-266
-215
-376
-299
-198
-248
-45
-125
-425
-220
-136
-378
-340
-58
-104
-252
-100
-97
-284
-362
-482
-104
-377
-225
-497
-243
-140
-291
-414
-231
-298
-419
-351
-348
-77
-338
-4
-400
-442
-296
-307
-477
-481
-69
-479
-346
-162
-303
-102
-419
-466
-267
-310
-365
-289
-359
-295
-89
-59
-452
-55
-205
-461
-279
-263
-61
-6
-401
-337
-414
-273
-411
-357
-137
-463
-475
-248
-420
-16
-305
-115
-201
-218
-187
-189
-489
2
-470
-368
-272
-494
-191
-85
-439
-400
-441
-109
-147
-32
-354
-370
4
-89
-328
-358
-352
-232
-386
-335
-473
-375
-481
-39
6
-4
-10
-313
-223
-419
-317
-36
-132
-336
-185
-490
-232
-345
-403
-223
-65
-11
-444
-126
-325
-302
-246
-470
-61
-162
-187
-372
-171
-192
-22
-200
9
-449
-194
-209
-394
-185
-500
-120
-32
-182
-231
-1
-368
-39
-102
-166
-420
-85
-46
-78
-358
-483
-339
-1
-478
-119
-32
-162
-96
-476
-272
-394
-387
-428
-300
-456
-209
-486
-399
-213
-418
-461
-225
-106
-305
-157
-458
-462
-205
-211
-297
-471
-235
-129
-447
-387
-232
-414
-63
-192
-467
-48
-260
-35
-22
-86
-168
1
-185
-306
-148
-495
-386
-221
-197
-280
-489
-221
-67
-317
-193
-39
-188
-378
-313
-204
-183
-33
-488
-324
-18
-132
-172
-271
-63
-10
-18
-98
-244
-309
-411
-231
-11
-399
-259
-64
-475
-252
-159
-312
-395
-378
-310
-46
-425
-58
-64
-396
-484
-346
-243
-61
-425
-345
-455
-239
-346
-485
-96
-143
-262
-67
-463
-409
-352
-11
-26
-6
-18
-380
-75
-372
-214
-233
-110
-325
-110
-468
-114
-489
-24
-421
-413
-371
-180
-427
-243
-86
-392
-424
-472
-51
-491
-449
-134
-244
-401
-11
-445
-25
-356
-220
-186
-377
-90
-158
-465
-65
-316
-68
-448
-9
-324
-392
-55
-54
-2
-390
-419
-268
-15
-368
-428
-282
-464
-389
-323
-250
-255
-131
-22
-1
-322
-468
-5
-336
-90
-472
-317
4
-108
-280
-327
-395
-272
-471
-284
-490
-398
-19
-169
-433
-439
-26
-6
-428
-358
-142
-150
-73
-388
-80
-432
-1
-329
-82
-250
-164
-67
-167
-26
-298
-82
-76
-311
-472
-40
-207
-428
-3
-278
-500
-345
-205
-140
-391
-253
-109
-17
-269
-22
-380
-95
-435
-471
-245
-34
-468
-57
-387
-438
-343
-457
-132
-45
-9
-378
-451
-499
0
-452
-492
-326
9
-382
-277
-252
-420
-258
-211
-432
-254
-157
-497
-455
-338
-231
-182
-384
-422
-53
-287
-396
-112
-358
-81
-487
-375
-381
-181
-141
-449
-26
-476
-125
-202
-469
-241
-477
-195
-193
-188
-233
-424
-169
-87
-210
-238
-458
-254
-406
-202
-104
4
-4
-473
-288
-145
-233
-252
-38
-167
-19
-156
-254
-39
-92
-437
-475
-414
-459
-427
-362
-123
-238
-300
-131
-131
-148
-185
-496
-114
-395
-326
-400
-467
-497
-330
-29
-149
-49
-85
-21
-187
-457
-471
-158
-112
-12
-90
-470
-116
-452
-190
-12
-383
-36
-108
-121
-446
-100
-381
-360
-105
-255
-359
-483
-82
-211
-74
-272
-379
-250
-171
-336
-146
-405
-152
-304
-402
-47
-464
-267
-178
-470
-372
-127
-449
-265
-357
-452
-170
-372
-497
-154
-144
-297
-195
-203
-170
-55
-252
-459
-278
-411
-301
-1
-82
-235
-301
-173
-315
-150
-345
-114
-9
-49
-61
-66
-125
-221
-407
-187
-376
-430
-29
-337
-432
-24
-104
-189
-415
-64
-36
-271
-275
-281
-405
-471
3
-315
-403
-243
-143
-280
-409
-16
-270
-278
-86
-225
-213
-422
-291
-113
-399
-470
-258
-224
-178
-91
7
-93
-69
-260
-457
-395
-243
-225
-197
-496
-146
-34
-34
5
-336
-268
-287
6
-256
-394
-260
-442
-53
5
-82
-29
-32
-104
-452
-356
-30
-480
-277
-182
-122
-291
-196
-273
-142
-386
-216
-407
-492
-280
-195
-389
-478
-377
-216
-249
-101
-441
-477
-472
-404
-124
-439
-337
-490
-337
-11
-79
-213
-288
-269
-463
-345
-28
-412
-292
-428
-371
-350
-260
-136
-140
-262
-136
-264
-32
-17
-24
-195
-86
-43
-97
-455
-351
-360
-122
-56
-285
-127
-250
-352
-385
-202
-362
-395
-367
-445
-296
-161
-435
-135
-427
-424
-487
-334
-249
-458
-372
-71
-11
-44
-329
-404
-165
-98
-223
-449
-462
-161
-352
9
-214
-176
-167
-40
-391
-486
-247
-24
-204
-78
-90
-152
-494
-290
-481
-57
-168
-417
-336
-470
-438
-142
-235
-230
-176
-298
-27
9
-309
-334
-145
-37
-457
-69
-458
-182
-295
-422
-305
-333
-304
-203
-181
-373
-486
-15
-75
-273
-152
-231
-356
-344
-216
-338
-309
-135
-41
-413
-71
-59
-268
-286
-82
-438
-463
-77
-154
-180
-63
-86
-231
-257
-358
-279
-77
-187
-443
-358
-56
-99
0
-467
-354
-490
-3
-433
-444
-131
-217
-436
-375
-329
-294
-77
-198
-380
-225
-145
-487
-282
-48
-469
-155
-483
-61
-71
-133
-137
-68
-130
-410
-292
-142
-374
-261
-137
-182
-226
-417
-460
-139
-491
-83
-214
-187
-496
-229
-118
-392
-472
-323
-201
-298
-309
-443
-163
-24
-62
-235
-373
-168
-291
-260
-443
-7
-158
-311
-83
-334
-364
-276
-460
-67
-125
-123
-141
-349
-122
-493
-160
-127
-332
-211
-404
-368
-421
-227
-168
-108
-55
-237
-409
-47
-334
-139
-53
-445
-212
-188
-62
-429
-288
-39
-342
-111
-444
-82
-283
-350
-479
-165
-262
-235
-280
-176
-164
-189
-45
-386
-438
-269
-378
-205
-18
-394
-434
8
-196
-363
-312
-445
-305
-89
-366
-55
-172
-185
-335
-357
-322
-378
-461
-248
-358
-238
-6
-166
-78
-395
-466
-102
-144
-227
-89
-203
-469
-195
-162
-325
-57
-249
-370
-61
-252
-126
-460
-325
-237
-85
-175
-262
-436
-234
-53
-403
-26
-364
-319
-234
-132
-487
-304
-212
-441
-454
-435
-466
-9
-273
-472
-210
-32
-23
-206
-411
-274
-318
-226
-285
-474
-388
-241
-15
-353
-269
-430
-186
-272
-369
-298
-110
-293
-133
-336
-420
-443
-271
-171
-485
-402
-203
-154
-81
-172
-96
-64
-209
-59
-408
-408
-204
-13
-133
-290
-24
-282
-100
-159
-451
-165
-74
-266
-440
-5
-420
0
-429
-82
-485
-283
-274
-249
-100
-212
-349
-365
-135
-123
-168
-66
-119
-65
-142
-215
-215
4
-366
0
-353
4
-187
-238
-65
-499
-366
-141
-382
-283
-475
-400
-419
-268
-490
-94
-148
-177
-461
-396
-342
-273
-181
-322
-164
-491
-216
-291
-419
-163
-350
-176
-56
-110
-160
-260
-347
-215
-120
-478
-6
-313
-225
-326
6
-405
-418
-101
-147
-360
-254
-497
-373
-17
-467
-79
-257
-290
5
-356
-9
-228
-235
-287
-181
-87
-498
-91
-65
-454
-63
-264
-178
-310
-45
-147
-438
-157
-256
-138
-151
-337
-124
-131
-100
-466
-158
-175
-80
-468
-225
-25
-298
-14
-192
-392
-103
-392
-321
-285
-12
-356
-195
-93
-295
-392
-155
-433
-280
-393
-442
-49
-498
-62
-453
-198
-262
-458
-445
-177
-129
-349
-30
-81
-212
-4
-105
-316
-314
-176
-282
-249
-111
-149
-410
-286
-292
-91
-281
-302
-166
-37
-199
-80
-177
-433
-159
-297
-124
-213
-41
-471
-64
-462
-359
-351
-238
-353
-439
-472
-174
-262
-38
-423
-109
-57
-11
-266
-240
-320
-19
-134
-298
-19
-232
-18
-281
-26
-316
-298
-100
-257
-396
-393
-451
-40
-297
-84
-222
-50
-123
-145
-233
-167
-288
-112
-139
-166
-189
-201
-126
-138
-363
-230
-62
-392
-393
-499
-81
-62
-338
-28
-272
-308
-18
5
-445
-473
-43
-188
-281
-341
-270
-466
-324
-101
-438
-498
-348
-269
-148
-76
-91
-43
-189
-11
-77
-488
-130
-146
-157
-31
-274
-30
-265
-322
-3
-322
-223
-292
-109
-77
-66
-182
-104
-254
-108
-172
-224
-493
-370
-24
-294
-321
-314
-262
-299
-294
-62
-206
-89
-61
-426
-133
-287
-440
-32
-408
-467
-114
-258
-1
-136
-116
-238
-341
-151
-70
-327
-101
-185
-277
-184
-328
-293
-229
-473
-392
8
-4
-435
-100
-334
-168
-217
-432
-432
-374
-417
-344
-314
-471
-499
-148
-307
-272
-470
-56
-394
-163
-389
-79
-197
-340
-131
-9
7
-136
-238
-33
-131
-90
-81
-150
-427
-339
-102
-372
-270
-237
-25
-223
-24
-385
-464
-276
-54
-320
-456
-6
-243
-20
-144
-231
-368
-241
-130
-199
-356
-202
-213
-230
-254
-328
-338
-305
-315
-314
-88
-163
-496
-163
-341
-356
-425
-396
-233
-86
-154
-286
-247
-153
-82
-51
-338
-135
-187
-317
-354
-288
-380
-202
-463
-251
-464
-68
-133
-149
-471
-35
-284
-120
-94
-277
-316
-356
-446
-42
-391
-138
-248
-296
-472
-281
-429
-395
-220
-94
-497
-320
-329
5
-198
-386
-416
-44
-350
-227
-459
-420
-218
-61
-289
-105
-9
-310
-61
-427
-465
-226
-313
-344
-349
-55
-171
-77
-212
-193
-317
-207
-68
-300
-30
-221
-341
-404
-329
-428
-349
-227
-265
-2
-471
-101
-184
-156
1
-242
-490
-452
-388
-355
-57
-447
-237
-442
-449
-346
-146
-148
-247
-66
-220
-1
-476
-351
-346
-221
2
-137
-236
-466
-486
-399
-278
-427
-330
-273
-392
-289
-107
-401
-164
-167
-211
-54
-287
-76
-492
-495
-276
-302
-454
-457
-239
-209
-84
-497
-453
-185
-170
-481
-141
-366
-267
-380
-38
-233
-320
-290
-161
-254
-227
-397
-83
-444
-110
-123
-89
-365
-166
-230
-373
-61
-472
-397
-141
-475
-467
-478
-304
-402
-296
-487
-65
-196
-259
-387
-261
-408
-396
-217
-145
-180
-98
-431
-97
-22
-39
-418
-442
-71
-442
-256
-27
-355
-53
-203
-436
-172
-33
-66
-60
-379
-69
-381
-232
-476
-39
-105
-300
-442
-265
-342
-134
-322
-407
-61
-95
-63
-376
-117
-259
-176
-482
-116
-392
-336
0
1
-36
-243
-292
-398
-270
-353
-65
-450
-330
2
-394
-12
4
-487
-290
-212
-309
-451
-219
-78
-42
-357
-212
-57
-296
-415
-96
-341
-196
-18
-114
-69
-131
-196
-247
-472
-234
-477
-147
-345
-94
-390
-454
-210
-100
-428
-457
-478
-469
-122
-445
-494
-162
-476
-363
-332
-266
-419
1
-314
-209
-158
-304
-28
-423
-443
-316
-410
-34
-35
-22
-59
-300
-30
-227
-322
-309
-104
-160
-440
-418
-370
-47
-458
-224
-210
-487
-149
-333
-202
-238
6
-17
-158
-105
-81
-154
-386
-143
-464
-243
0
-353
-401
-168
-171
-313
-358
-1
-7
-74
-141
-445
-320
-241
-43
-81
-359
-151
-147
-326
-421
-227
-340
-264
-313
-240
-215
-85
-148
-217
-65
-62
-472
-229
-15
-159
-393
-361
-478
-35
0
-381
-6
-449
-347
-60
-321
-206
-431
-135
-395
-474
-458
-481
-30
-339
-461
-183
-10
-259
-5
-257
-349
-426
-20
-326
-367
-446
-272
-137
-68
-408
-377
-135
-451
-401
-337
-122
-313
-111
-312
-451
-440
-6
-274
-301
-64
-338
-217
-313
-306
-445
-139
-263
-234
-120
-344
-101
-205
-124
-383
-172
-362
-439
-36
-135
-478
-307
-221
-370
-127
-103
-129
-217
-238
-479
-252
-185
-495
-61
-349
-183
-329
-386
-218
-39
-247
-28
-373
-161
-124
-82
-484
-375
-400
-264
-147
-74
-382
-11
-349
-27
-236
-450
-365
-174
-138
-68
-39
-178
-132
-226
-22
-430
-237
-180
5
-369
-84
-173
-139
-205
-359
8
-423
0
-467
-470
-267
-170
-32
-127
-248
-209
-156
-381
-364
-492
-355
-227
-393
-365
-367
-90
-46
-40
-99
-381
-295
-186
-165
-491
-371
-183
-307
-462
-217
-498
-34
-212
-60
1
-140
-53
-6
-276
-112
-180
-425
-252
-325
-305
-36
-368
-321
-20
-34
-203
-421
-69
-369
-321
-76
-322
-341
-284
-26
-173
-235
-199
-113
-233
-281
-412
-216
-373
-23
-143
-166
-314
-304
-123
-413
-36
-97
-112
3
-26
-383
-469
-208
-70
-272
-114
-125
-412
-214
-181
-62
-238
-458
-113
-109
-51
8
-441
-500
-274
-173
-472
-348
-275
-7
-357
-470
-491
-393
-188
-485
-66
-340
-215
-381
-106
-47
-3
-383
-179
-124
-467
-469
-442
-421
-55
-399
-26
-443
-300
-495
-87
-397
-176
-3
-148
-451
-70
-310
-69
-304
-202
-133
-464
-198
-141
-396
-197
-129
-425
-28
-378
-186
-448
-36
-402
-179
-56
-86
-204
-96
-29
-234
-213
-365
-281
-272
-430
-83
-348
-96
-204
-304
-239
-50
-473
-316
-188
-329
-71
-45
-170
-146
-341
-14
-349
-494
-143
-55
-79
-190
-121
-16
-214
-343
-93
-205
-196
-183
-35
-346
-258
-288
-430
-424
-33
-197
-393
-19
-453
-155
-196
-410
-429
-209
-242
-27
-218
-373
-201
-315
-270
-241
-412
-69
-375
-161
-36
-25
-422
-27
-46
-18
-72
-257
-287
-129
-161
-98
-274
-476
-412
-124
-312
-227
-1
-292
-277
-339
-120
-212
-388
-395
-110
-451
-381
-93
-354
-258
-341
-288
-221
-325
-463
-388
-145
-185
-201
-486
-268
-125
-59
-7
-186
-438
-495
-413
-462
-3
-23
-64
-273
-135
-206
-488
-149
-482
3
-300
-233
-175
-93
-403
-37
-225
-356
-297
-277
-318
-65
-87
-463
-460
-341
-59
-381
-85
-476
-17
-92
-112
-425
-76
-341
-141
-18
-171
-390
-287
-412
-249
-320
-33
-242
-79
-321
-152
-153
-80
-26
-428
-462
-479
-52
-267
-147
-157
-493
-418
-444
-470
-275
-486
-318
-216
-466
4
-335
-37
-426
-327
-309
-472
-415
-469
-249
-170
-355
-140
-282
-51
-289
-180
-104
-201
-305
-268
-177
-67
-342
-178
-262
-388
-418
-164
-363
-72
-371
-68
-291
-451
-228
-252
-209
-379
-189
-270
-200
-12
1
-458
-78
-359
-32
-87
-444
-7
-135
-310
-341
-295
-103
-101
-116
-33
-228
-198
-11
-255
-336
-132
-431
-17
-275
-410
-277
-127
-52
-392
-86
-341
-439
-300
-477
-127
-312
-391
3
9
-458
-183
-282
-484
-6
-95
-268
-10
-415
-58
-101
-294
-92
9
-145
-73
-83
-317
-454
-186
-129
-226
-233
-228
-219
-363
-74
-485
-244
-306
-247
-231
-179
-132
-147
-497
-189
-339
-301
-229
-141
-229
-388
-407
-182
-36
-435
-94
-426
-439
-134
8
-114
-69
-396
-147
-430
-168
-57
-175
-57
-375
-306
-184
-212
-216
-346
-289
-450
-73
-171
-82
-296
-397
-382
-262
-411
-15
-398
-291
-8
-258
-354
-93
-453
-414
-339
-71
4
-99
-232
-81
-39
-467
-156
-429
-341
-41
-257
-275
-425
-420
-179
-236
-313
-278
-265
-240
-389
-141
-70
-252
-90
-126
-56
-230
-101
-40
-383
-322
-410
-270
-284
-153
-474
-396
-434
-359
-262
-75
-283
-447
-99
-294
-445
-246
-106
-451
-362
-370
-112
-282
-408
-231
-146
-485
-311
-319
-176
-473
-133
-397
-63
-307
-477
-164
-414
-390
-476
-32
-42
-383
-354
-459
-295
-4
-165
-188
-123
-140
-477
-17
-335
-398
-461
-345
-380
-62
-465
-8
9
-16
-391
-200
-146
-76
-336
-127
-172
-348
-27
-39
-380
-206
-480
-397
-144
-166
-400
-286
-372
-488
-181
-191
-345
-321
-273
-177
-41
-120
-203
-292
-155
-392
-27
-340
-486
-448
-33
-435
-264
-38
-394
-178
-455
-89
-194
-6
-449
-491
-328
-438
-229
-482
-21
-404
-132
-275
-350
-152
-29
-374
-449
-24
-161
-371
-90
-349
-419
-352
-205
-304
-388
-194
-137
-6
-381
-220
-334
-17
-374
-87
-465
-194
-406
-255
-296
-206
-335
-28
-337
-393
-201
-231
-182
-497
-80
-44
-376
-63
-262
-17
-50
-350
-356
-70
-343
-35
-68
-144
-136
-370
1
-345
-173
-147
-150
-47
-66
-106
-488
-441
-28
-413
-400
-474
-27
-299
-16
-129
-28
-500
-347
-135
-216
-362
-237
-311
-387
-173
-488
-212
-106
-298
-289
-302
-119
-14
-410
-262
-377
-203
-444
-460
9
-403
-47
-120
-87
-97
-500
-255
7
-88
-474
-36
-466
-219
-475
-475
-231
-438
-500
-262
-26
-110
-496
-279
-470
-129
-194
-272
-463
-16
-370
-498
-455
-305
-306
-60
-102
-172
-490
-129
-425
-475
-41
-121
-240
-238
-3
-188
-44
-3
-227
-192
-76
-19
-457
-317
-69
-302
-119
-21
-230
-153
-267
-242
-357
-129
5
-273
-317
-439
-334
-336
-182
-295
-376
-201
-31
-92
-490
-471
-126
-238
-7
-255
-2
-187
-463
-341
-215
-491
-287
-389
-9
-126
-272
-392
-91
-321
-304
-93
-368
-341
-315
-324
-225
-453
-95
-402
-384
-480
-79
-428
-378
-426
-7
-203
-330
-480
-331
-5
-85
-299
-332
-42
-260
-39
-381
-277
-231
-48
-341
-453
-373
-1
-100
-442
-133
-456
-418
-253
-348
-177
-463
-397
-300
-280
-429
-234
-71
-373
-485
-359
-277
-384
-341
-429
-330
-37
-51
-140
-160
-48
-324
-293
-78
-425
-243
-17
-473
-249
-254
-467
-108
-327
-83
-185
-120
-452
-405
2
-420
-361
-31
-185
-237
-361
-297
-211
-425
-344
-85
-47
-280
-9
-287
-115
-408
-229
-179
6
-322
-400
-394
-416
-347
-108
-325
-71
-227
-78
-358
-464
-265
-20
-93
-211
-221
-346
-497
-125
-185
-348
-342
-242
-362
-463
-49
-275
-38
-206
-373
-256
-385
-382
-218
-183
-341
-399
-112
-6
-173
-354
-341
-386
-328
-259
-440
-114
-386
-267
-15
-265
-423
-276
-253
-49
-360
-101
-468
-90
-350
-350
-301
-406
-351
-218
-7
-261
-247
-460
-50
-345
-211
-45
-261
-84
-402
-204
-114
-217
-252
-156
-211
-379
-246
-388
-476
-139
-26
-140
-254
-497
-403
-233
-431
-96
-317
-22
-30
-32
-331
-487
-46
-460
-48
-10
0
-213
-240
7
-6
-462
-286
-198
-64
5
-275
-335
-427
-160
-236
-128
-322
-351
-438
-37
-457
-356
-241
-495
-326
-314
-241
-210
-284
-116
-188
-126
-281
-230
-223
-211
-144
-259
-33
-383
-294
-230
-464
-272
-367
-276
-464
-96
-183
-55
-390
-441
-82
-155
-23
-169
-277
-154
-119
-290
-150
-333
0
-363
-46
-200
-133
-471
-415
-187
-148
-2
-83
-102
-464
-406
-415
-50
-98
-10
-163
-303
-494
-59
-36
-487
-177
-1
-326
-237
-350
-33
-464
-29
-133
-126
-423
-251
-250
-195
-156
-161
-411
-480
-413
-219
-146
-163
-346
-181
9
-13
-193
-430
-34
-88
-398
-284
9
-79
-391
-212
-348
-265
-165
-115
-490
-432
-161
-425
-283
-82
-295
-51
-486
-71
-43
-440
-377
-449
-431
-17
-6
-310
-218
-45
-402
-66
-492
-123
-437
-291
-168
-411
-45
-361
-428
-316
-7
-227
-403
-315
-43
-80
-235
-69
-152
-362
-410
-166
-60
-315
-35
-360
-208
-185
-410
-3
-337
-318
-390
-8
-138
-80
-198
-441
-36
-57
-134
-433
-347
-212
-490
-333
-397
-271
-343
-214
-24
-136
-91
-23
-464
-37
-341
-363
-133
-292
-421
-82
-2
-92
-380
4
-134
-14
-83
-474
-119
-202
-434
-72
-126
-209
-309
-192
-233
-453
-25
-435
-414
-57
-102
-348
-250
-247
-190
-33
-315
-357
-212
-131
-126
-183
-119
-289
-313
-142
-398
-235
-174
-142
-77
-376
-317
-489
-272
-213
-231
-216
-123
-391
-342
-203
-137
-313
-457
-116
-419
-421
-35
-420
-223
-399
-285
-35
-33
-136
-461
8
-354
-188
-36
-16
-447
-67
-44
-113
-482
-168
-37
-146
-456
-345
-70
-385
-322
-239
-250
-9
-266
-47
-185
-225
-356
-64
-287
-264
-162
-58
-68
-400
-131
-171
-136
-339
-127
-408
-71
-230
-447
-16
-173
-80
-477
-116
-366
-143
-130
-368
-478
-136
-475
-255
-186
-306
-216
-436
-64
-374
-41
-397
-258
-189
-151
-264
-46
-364
-230
-381
-59
-235
-483
-214
-454
-69
-168
-175
-20
-83
-423
-174
-380
-198
-190
-70
-500
-342
4
-109
-306
-485
-402
-28
-431
-414
-485
-214
-60
-39
-446
-307
-481
-112
-110
-471
-482
-313
-393
-130
-207
-180
-143
-196
-196
-208
-184
-327
-422
-437
-343
-53
-397
-487
-111
-353
2
-279
-230
-408
-74
-312
-495
-364
-203
-493
-216
-130
-28
-18
-89
-78
-170
-342
-194
-3
-310
-67
-136
-456
-342
-498
-335
-87
-304
-401
-274
-322
-327
-465
-125
-475
-459
-187
-486
-191
-291
-217
-462
-92
-480
-42
-220
-411
-424
-166
-38
-416
-162
-239
-46
-242
-496
-255
-328
-291
-29
-500
-489
-251
-35
-421
-324
-19
-171
-4
-331
-215
-47
-61
-340
-421
-85
-396
-46
-230
-280
-188
-12
-266
-65
-161
-218
-297
-245
-234
-135
-226
-117
-173
-434
-77
-299
-326
-306
-166
-142
-125
-395
-169
-167
-106
-17
-451
-474
-221
-190
-40
-63
-169
-290
-55
-406
-251
-224
-451
-450
-296
-116
-479
-286
-21
-4
-391
-475
-285
-117
-138
-34
-107
-182
-161
-228
-39
-446
-130
-228
-393
-167
-112
-165
-242
-472
-331
-212
-457
4
-490
-207
-304
-268
-162
-472
-402
-267
-492
-369
-96
-260
-78
-447
-198
-407
-197
-193
-115
-111
-277
-441
-160
-340
-458
-155
-63
-276
-157
-260
-404
-497
-353
-462
-15
1
-300
-211
-150
-452
-497
-181
-361
-283
-403
-490
-302
-341
-56
-122
-53
-431
-213
-65
-255
-353
-304
-241
-201
-181
-237
-160
-84
-159
-102
-8
-433
-38
-16
-153
-483
-140
-441
-449
-459
-150
-458
-290
-115
-302
-253
-115
-370
-354
-9
-225
-19
-339
-345
-459
-107
-490
-38
-56
1
-48
-143
-371
1
-217
-249
-236
-35
-440
-310
-79
-109
-29
-459
-131
-225
-50
-354
-50
-422
-272
-390
-359
-310
0
-305
-209
-119
-163
-389
-442
-101
-213
-425
-134
-406
-145
-430
-20
-457
-376
-21
-96
-358
-270
-477
-272
-416
-366
-191
-415
-82
-231
-168
-121
-135
-211
-113
-246
-31
-113
-209
-110
-415
-334
-301
-212
-205
-379
-53
-37
-98
-466
-324
-79
-122
5
-425
-318
-240
-474
-452
-216
-270
-192
-207
-356
-394
-106
-90
-437
-3
-296
-271
-212
-202
4
-178
-300
-348
-392
-121
-415
-481
-399
-359
-394
-63
-296
-268
-365
-269
-62
-421
-92
-19
-189
-134
-184
-44
-67
-237
-131
-376
-46
-356
3
-488
-312
-193
-304
-107
-169
-109
-500
-174
-411
-58
-148
-9
-49
-275
-246
-451
-456
-58
-23
-113
-421
-74
-306
-305
-97
-185
-159
-442
-218
-211
-432
-33
-453
-479
-460
-475
-470
-162
-164
-67
-441
-67
-230
-395
-133
-3
-6
-196
-421
-117
-75
-187
-282
-58
-396
-245
-132
-207
-224
-304
6
-318
-292
-45
-10
-414
-314
-294
-452
-276
-230
-433
-267
-216
-181
-198
-368
-362
-447
-236
-197
-435
-114
-19
-453
-411
-371
-294
-194
-390
-319
-25
-199
-10
-360
-70
-443
-231
-104
-119
-173
-22
-75
-233
-312
-274
-251
-379
-279
-290
-76
-498
-280
-76
-492
-152
-422
-481
-397
-144
-320
-294
-185
-163
-231
-36
-277
-261
-328
-428
-6
-57
-355
-245
-296
-336
-113
-327
-309
-484
-413
-97
-228
-322
-274
-332
-470
-100
-61
-131
-454
-166
-488
-418
-190
-357
-34
-337
-341
-264
-249
-345
-341
-144
-399
-228
-329
-144
-206
-322
-128
-149
7
7
-117
-403
-196
-313
-37
-117
-89
-418
-44
-500
-266
-480
-254
-487
-435
-459
-498
-417
-274
-25
-47
-148
-461
-79
-85
-425
-86
-482
-362
-498
-6
-138
-2
-53
-54
-299
-222
-287
-161
-237
-144
-277
-143
-393
-355
-359
-156
-382
-357
-34
-145
-210
-70
-267
-182
-148
-172
-165
-305
-347
-390
-90
-111
-119
-85
-290
-4
-139
-336
-101
-452
4
-216
-224
-168
-163
-448
-213
-87
-419
-400
-433
-482
-46
-408
-438
-429
-17
-496
-195
-280
-161
-7
-326
-314
-388
-408
-192
-169
-432
-430
-433
-95
-264
7
-283
-14
-397
-358
-118
-496
-188
-20
-30
-353
-493
-211
-116
-176
-488
9
-183
-82
-269
-300
-77
-291
-84
-116
-283
-226
-226
-227
-11
-437
-266
-239
-431
-492
-355
-400
-230
-397
-491
-99
-310
-47
-78
-34
-278
-246
-356
-204
-384
-467
-16
-354
-237
-4
-374
-188
-483
-164
-400
-479
-44
-28
-355
-69
-190
-325
-454
-147
-29
-210
-426
-315
-284
-311
-270
-482
-272
-131
-278
-445
-144
-204
-358
-254
-236
-461
-171
-316
-312
-46
-174
-389
-194
-395
-177
-433
-222
-174
-464
-484
-403
-62
-65
-462
-229
-396
-359
-467
-30
-193
-77
-288
-194
-482
-483
-392
-359
-269
-402
-134
-442
-136
-137
-124
-12
-174
-40
-171
-155
-75
-230
-28
-475
-317
-225
-222
-13
-478
-453
-484
-63
-227
-340
-400
-107
-199
-305
-237
6
-208
-465
-18
-204
-166
-186
-214
-173
6
-86
-176
-169
-128
-1
-321
-29
-391
-171
-348
-115
-489
-200
-159
-95
-34
-430
-350
-166
-368
-407
-454
-86
-415
-48
-88
-206
-53
-176
-349
-101
-44
-273
-88
-271
-178
-66
-499
-461
-144
-61
-357
-198
-269
-264
-495
-43
-84
-13
-27
-345
-94
-308
-398
-170
-10
-257
-486
-269
-62
-67
-296
-157
-341
-382
-129
-403
-9
-321
-38
-46
-174
-472
-181
-388
-316
-253
-494
-230
-260
-269
-142
-420
-40
-69
-203
-454
-418
-389
-221
-232
-67
-172
-418
-333
-267
-373
-70
-285
-306
-382
-460
-333
-218
-282
-127
-208
-322
-42
-231
-138
-467
-151
-408
-461
-396
-354
-397
-53
-50
8
-254
-134
-42
-415
-382
-87
-11
-151
-491
-234
-234
-155
-158
-172
-213
-12
-181
-105
-175
-359
1
-388
-14
-265
-157
-310
-245
-138
-46
-151
-122
-332
-479
-127
-410
-204
-358
-368
-90
-140
-387
-413
-151
-317
-148
-104
-205
-439
-150
-311
-444
-261
-138
-454
-471
-325
-499
-332
-352
-20
-272
-131
-400
-185
-168
-420
-314
-395
7
-4
-216
-289
-485
-30
-174
-340
-450
-241
-288
-111
-55
-473
-273
-126
-40
-162
-116
-207
-135
-136
-197
-491
-342
-145
-384
-35
-145
-297
-303
-322
-242
-477
-429
-488
-311
-113
-440
-336
-122
-478
-456
-227
-135
-244
-433
-182
-343
-207
-274
-477
-81
-23
-475
-397
-35
-168
-166
-429
-181
-300
-38
-300
-379
-53
-393
-28
-90
-83
-144
-145
-134
-208
-424
-416
-117
-144
-394
-480
-223
6
-44
-494
-21
-214
-279
-368
-193
-25
-60
-48
-355
-466
-276
-345
-54
-442
-323
-259
-232
-320
-298
-467
-251
-164
-9
-14
-441
-403
-45
7
-70
-128
-117
-478
-135
-303
-495
-320
-141
-490
-438
-226
-459
-93
-418
-116
-109
-315
-390
-310
-309
-168
-475
-159
-105
-181
-488
-405
-317
-205
-149
-361
-247
-452
-347
-124
-5
-354
-225
-465
-489
-24
-58
-378
-283
-266
-187
-187
-138
-307
-75
-189
-88
-151
-9
-18
-254
-199
-22
-182
-224
-369
-228
-354
-54
-417
-190
-107
-86
-39
-23
-329
-307
-432
-290
-254
-381
-5
-217
-54
-67
-38
-366
-329
-20
-359
-339
0
-80
-326
-319
-19
-413
-63
-244
-176
6
-1
-369
-62
-100
-471
-458
-5
-338
-269
-284
-151
-26
-211
-362
-290
-355
1
-152
-158
-317
-325
-50
-449
-78
-460
-345
-381
-96
-325
-337
-205
-28
-217
-86
-326
-126
-278
-470
-212
-91
-55
-218
-233
-312
6
-481
8
-194
-107
-420
-126
-75
-264
-434
-17
-21
-214
-259
-308
-491
-1
-438
-312
-282
-243
-449
-177
-231
-175
-233
-392
-228
-56
-285
-100
-472
-293
-414
-348
-394
-129
-464
-137
-370
-59
-413
-327
-498
-156
-435
-97
-263
-10
-252
-356
-245
-139
-474
-302
-4
-162
-161
-171
-152
-366
-302
-353
-485
-87
-371
-342
-312
-85
-364
-492
-483
-114
-351
-38
-64
-78
-462
-323
-354
-86
-269
-97
-248
-282
-228
-45
-198
-440
-310
-115
-166
-467
-404
-352
-172
-448
-199
-489
-310
-223
-20
-132
-276
-485
-149
-166
-4
-175
-200
-284
-11
-49
-476
-368
-250
-264
-206
-280
-256
-192
-472
-219
-470
-278
-103
-266
-384
-385
-68
-221
-259
-19
-363
-233
-213
-299
-238
-411
-279
-409
-153
-16
-415
-186
-351
-496
-135
-131
-384
-8
-17
-107
-443
-438
-197
-153
-281
-410
-67
-443
-143
-262
-177
-320
-209
-15
-490
-284
-405
-359
-80
-329
-485
-19
-153
-424
-356
-45
-486
-287
-234
-15
-66
-475
-94
-483
-99
-214
-483
-72
-46
-94
-488
-395
-7
-176
-216
-309
-329
-121
-217
-462
-135
-309
-417
-397
-54
-454
-219
-142
-229
-238
-479
-134
-177
-222
-275
-14
-472
-46
-393
-237
-139
-246
-269
-333
-238
-72
-133
-394
-82
7
-125
-447
-193
-232
-15
-247
-70
-337
-253
-485
9
-407
-474
-399
-425
-237
-350
-50
-171
-108
-107
-463
-366
-314
-140
-441
-156
-126
-47
-112
-10
-339
-350
-317
-204
-336
-125
-419
-335
-328
-103
-324
-159
-274
-253
-341
-198
-473
-341
-488
-218
-414
-191
-409
-127
-108
-20
-300
-328
-116
-478
-318
-40
-463
-56
-124
-420
-473
-306
-426
-179
-287
-439
-283
-311
-235
-347
-59
-426
-151
-60
-113
-66
-392
-197
-103
-222
-272
-49
-476
-79
-412
-426
-151
-354
-34
-462
-420
-197
-370
-410
-296
-195
-400
-363
-191
-208
-85
-23
-385
-255
-153
-480
-156
-431
-123
1
-313
-365
-35
-141
-417
-261
-98
-122
-337
-30
-61
-113
3
-142
-91
-331
-437
-462
-111
-281
-357
-63
-105
-71
-250
-411
-210
-87
-47
-348
-338
-41
-135
-275
-60
-468
-234
-250
-476
-447
-396
-146
-344
-266
-170
-435
-280
-82
-32
-170
-217
-317
-462
-251
-430
-276
-365
8
-429
-217
-367
-192
-53
-196
-74
-82
-458
-410
-119
-145
-401
-157
-133
-279
-146
-308
-394
-162
-478
-26
-224
-465
-326
-173
-485
-166
-302
-267
-121
-438
-104
-474
-288
-451
-86
-447
-151
-351
-91
-72
-14
-100
-298
-217
-491
-397
-329
-210
-465
-88
-364
-35
-484
-191
-166
-300
-24
-391
-181
-190
-354
-331
-84
-330
-397
-464
-339
-100
-36
-426
-83
-25
1
-309
-114
-274
-469
-412
-120
-365
-71
-451
-399
-316
-142
-343
-143
-125
-15
-484
-269
-467
-83
-221
-63
-122
-227
-24
-129
-66
-424
-48
-118
-258
-90
-367
-122
-354
-401
-250
-438
-385
-290
-71
-450
-106
-102
-209
-214
-248
-179
-68
-497
-100
-163
-301
-25
-187
-316
-167
-373
-419
-353
-369
-261
-237
-387
-3
-249
-173
-18
-452
-74
7
-342
-407
-80
-311
-98
-146
-410
-319
-395
-340
-47
-91
-128
-330
-26
-400
-84
-358
-13
-395
-195
-82
-234
-159
-478
-256
-137
-367
-231
-64
-38
-470
-20
-147
-227
-93
-17
-132
-23
-192
-355
-389
-233
-285
6
-469
-146
-444
-258
-420
-343
-108
-131
-219
-95
-146
-352
-295
-149
-143
-322
-35
-116
-5
-186
-443
-382
-56
-464
-344
-182
-366
-145
-134
-323
-197
-484
-253
-256
1
-55
-10
-423
5
-315
-275
-232
-351
-191
-45
-8
-15
-399
-283
-43
-48
-336
-142
-138
-497
-451
-191
-372
-296
-155
-220
-153
-32
-55
-56
-269
-112
-299
-171
-128
-158
-478
-380
-352
-212
-320
-278
-478
-140
-399
-25
-372
-73
-227
-472
-293
-180
-145
-267
-302
-32
-382
-290
-232
-167
-277
-383
-470
-269
-95
-271
-35
-457
-86
-10
-91
-351
-139
-467
-361
-67
-162
-280
-171
-496
-477
-27
-194
-379
-32
-12
-208
-211
-469
-228
-109
-279
-117
-222
-379
-469
-421
-168
-226
-473
-457
-429
-411
-155
-51
-422
-123
-203
-265
-311
-358
-317
-485
-398
-230
-24
-212
-277
-486
-442
-8
-426
-148
-382
-394
-316
2
-411
-56
-223
-35
-224
-217
-241
-187
-279
-57
-380
-317
-357
-21
-174
-24
-1
-169
-298
-481
-345
-416
-123
-383
-123
-1
-113
-60
-338
-15
-322
-179
-393
-299
-71
-143
-419
-387
-255
-280
-84
-218
-112
-63
-114
-386
-160
-66
-325
-81
-402
-144
-390
-218
-38
-40
-377
-86
-6
-39
-127
-96
-191
-317
-461
-486
-427
-131
-162
-492
-211
-498
-39
-492
-446
-453
-176
-78
-490
-310
1
-36
-146
-287
-81
-260
-166
-60
-17
-100
-65
-26
-45
-453
-134
-478
-275
-55
-69
-91
-185
-424
-329
-431
-425
-193
-313
-99
-57
-95
-193
-6
-161
-31
-490
-224
-256
-107
-34
7
-162
-449
-326
-396
-295
-299
-394
-331
-80
-399
-83
-161
-328
-284
-433
-358
-113
-368
-492
-248
-102
-68
-490
-269
-171
-470
-251
-352
-158
-418
-170
-218
-138
-472
-98
-364
-69
-150
-381
-367
-43
-204
-426
-263
-192
-79
-142
-374
-468
-422
-125
-237
-261
-425
-422
-382
-223
-99
-107
-415
-458
-314
5
-326
-224
-136
-490
-489
-208
-254
-302
-313
-354
-474
-218
-455
-462
-140
-52
-316
-199
-339
-90
-300
-436
-268
-257
-17
-173
-183
-443
-267
-457
-186
-389
-188
-233
-226
-122
-460
-291
-165
-397
-277
-131
-443
-199
-270
-392
-41
-183
-492
-16
-472
-404
-444
-184
-378
-143
-159
-426
-101
-60
-281
-79
-1
-440
-105
-256
-381
-129
-16
-26
-31
-157
-120
-188
-452
-416
-414
-76
-18
-409
-218
-325
-117
-426
-436
-119
0
-209
-67
-149
-68
-395
-497
-347
-46
-321
-262
-201
-231
-302
-290
-464
-347
-432
-313
-186
-108
-194
-103
-174
-295
-424
-396
-389
-300
-43
-169
-22
-62
-346
-152
-76
-203
-337
-498
-289
-61
-201
-258
-167
-139
-486
-76
-402
5
-202
-214
-45
4
-286
-131
-88
-414
4
-397
-481
-111
-350
-264
-373
-253
1
-498
-331
-346
-311
-479
-451
-150
7
-223
-59
-147
-462
-335
-323
-286
-109
-229
-406
-207
-381
-102
-183
-368
-6
-379
-397
-218
-308
-416
-282
-20
-118
-494
-176
-377
-489
-256
-266
-378
-12
-234
-413
-255
-144
-189
-359
-418
-4
-463
-441
-387
-166
-377
-204
-85
-17
-86
-193
-174
-317
-28
-4
-481
-319
-242
-490
-273
-17
-6
-248
-70
-386
-475
-319
-46
-282
-349
-89
-423
-417
-322
-318
-448
-434
-206
-130
-286
-42
-337
-405
-166
0
-23
-187
-130
-445
-445
-5
-333
-362
-315
-290
-225
-214
-158
-292
-388
-334
-21
-296
-178
-263
-437
-128
-93
-144
-249
-340
-346
-194
-55
-283
-279
-170
-383
-408
-54
-67
-24
-426
-316
-304
-28
-287
-120
3
-242
-169
-295
-37
-50
-229
-18
-121
-264
-112
-73
-74
-5
-159
-109
-364
-175
-362
-56
-234
-279
-106
-427
-177
-213
-479
-96
-131
-134
-489
-121
-190
-66
-169
-372
-373
-355
-222
-174
-455
-263
-290
-469
-442
-495
-19
-301
-304
-263
-81
-9
-224
-404
-50
-134
-473
-422
-137
-173
-225
-206
-323
-288
-23
-144
-94
-277
-18
-486
-138
-11
-85
-75
-492
-468
-164
-266
-436
-191
-197
-188
-372
-317
-45
-471
-468
-68
-90
-30
-145
-10
-444
-337
-229
-470
-39
-485
-468
-187
-74
-438
-8
-328
-74
-428
-305
-455
-135
-179
-412
-136
-149
-470
-293
-462
-28
-158
-48
-104
-250
-317
-181
-466
-341
-342
-437
-251
-280
-165
-277
-485
-431
-128
-20
-449
-485
-293
-476
-43
-407
-224
-10
-183
-472
-481
-26
-221
-329
-61
-18
-400
-374
-259
-116
-439
-23
-174
-63
-257
-214
-310
-494
-106
-329
-303
-483
-174
-491
-287
-45
-496
-381
-94
-494
-198
-280
-93
-451
-414
-262
-487
-401
-459
-500
-314
-384
-322
-495
-474
-139
-105
-200
-437
-28
-41
-489
-453
-324
-252
-133
-139
-87
-94
-209
-467
-438
-61
-17
-86
-149
-130
-416
-209
-20
-347
-147
-472
-434
-314
-246
-89
-423
-57
-49
-184
-216
-376
-96
-369
-409
-493
-368
-307
-106
-117
-362
-393
-67
-255
-113
-147
-265
-114
-7
-229
-329
-278
-406
-489
-352
-225
-343
-329
-35
-158
-156
-150
-18
-220
-500
-224
-300
-149
-315
-428
-465
-22
-500
-369
-261
-495
-93
-188
-49
-389
-370
-409
-87
-470
7
-290
-106
-341
-131
-89
-17
-224
-286
-172
-453
-36
-122
-390
-288
-97
-140
-166
-320
-207
-24
-129
-424
-292
-347
-128
-21
-239
-80
-412
-335
-474
-423
-428
-51
-383
-3
-21
-282
-271
-408
-485
-416
-22
-309
-410
-37
-394
-444
-420
-176
-96
-293
-482
-132
-354
-52
-100
-342
-400
-358
-468
-422
-489
-451
-267
-195
-210
-282
-352
-398
-429
-162
-404
-291
-287
-327
-49
-212
-44
-128
-288
-82
-50
-423
-171
-494
-257
-235
-451
-147
-248
-366
3
-174
2
-306
-327
-449
-59
-270
-471
-413
-140
-483
-111
-189
-183
-101
-63
-435
-397
-133
-189
-171
-475
-276
-12
-110
-369
-392
-290
-44
-442
-345
-129
-159
-102
-298
-404
-261
-246
-66
-382
-386
-425
-220
-16
-447
-234
-334
-287
-55
-252
-408
-432
-295
-345
-366
-481
-209
-271
-319
-301
-107
-139
-429
-76
-225
-379
-295
7
-36
-401
-163
-20
-79
-39
-116
-61
-90
-204
-45
-139
-170
-425
-174
-360
-389
-117
-398
-108
-404
-407
-317
-2
-387
-2
-58
-233
-388
-112
-372
-284
-290
-170
-283
-346
-262
-196
-240
-131
2
-144
-385
-106
-429
-170
-372
-86
-364
-494
-486
-8
-159
-462
-31
-390
-166
-259
-102
-86
-104
-158
-252
-278
-290
-121
-450
-301
-27
6
-178
-127
-104
-231
-494
-40
-34
-21
-115
-456
-500
-313
-89
-141
-94
-74
-232
-463
-312
-322
-119
-383
-99
-356
-33
-443
-392
-88
-113
-127
-344
-416
-305
-380
-486
-228
-109
-265
-323
-34
-422
-314
-383
-375
-400
-185
-364
-34
-153
-463
-16
-467
-393
-336
-487
6
-283
-300
-31
-434
-480
-416
-497
-206
-266
-134
-365
-191
-467
-155
-153
-453
-236
-137
-133
-423
-363
-402
-83
-468
-177
-103
-372
-16
-89
-370
-293
-303
-253
-436
-100
-178
-193
-103
-448
-230
-487
-68
-248
-66
-346
-498
-423
-380
-74
-118
-425
-209
-403
-476
-256
-411
-335
-459
-163
-408
-404
-118
-345
-259
-134
-26
-348
-73
-36
-58
-132
-191
-57
-403
-331
-367
-175
-238
-48
-433
-107
-311
-327
-105
-105
-222
-442
-257
-107
-471
-201
-337
-472
-385
-225
-278
-58
-135
-73
-253
-35
-276
-91
-100
-153
-237
7
-64
-21
-439
-490
-387
-297
-366
-49
-258
-328
-39
-358
-394
-451
-78
-206
-386
-136
-418
-318
-318
-147
-279
-293
-231
-438
-107
-445
-473
-289
-226
-161
-460
-383
1
-312
-386
-286
-277
-196
-373
-418
-126
-223
-84
-255
-278
-337
-168
-7
-378
-164
-164
1
-428
-59
-433
-495
-427
-424
-417
-125
-304
-297
-447
-65
-291
-332
-80
-276
-441
-287
-43
-161
-100
-116
-162
-409
-438
-461
-274
-329
-347
-91
-172
-304
-201
-499
-385
-255
-87
-410
-29
-163
-283
-54
-296
-194
-276
-14
-87
-40
-387
-450
-258
-73
-358
-332
-443
-249
-250
-174
-152
-276
-25
-476
-172
-126
-257
-81
-260
-353
-460
-160
-206
-198
-176
-205
-458
-376
-242
-74
-222
-330
-29
-159
-402
-286
-297
-368
-446
-131
-303
-137
-109
-49
-227
-456
-205
-359
-259
-227
-202
-3
-401
-316
-243
-244
-228
-397
-127
-268
-375
-369
-145
-297
-401
-378
-30
-291
-312
-32
-279
-245
-221
-115
-276
-293
-444
-98
-271
-59
-311
-52
-371
-323
-465
-114
-94
-405
-423
-476
-302
-361
-335
-16
-325
-253
-335
-411
-73
-75
-473
-405
-398
-227
-296
-198
-442
-67
-444
-157
-105
-401
-406
-420
-245
-43
-251
-250
-481
-313
-345
-444
-54
-189
-448
-25
-187
-239
-204
-326
-443
-250
-154
-306
-257
-262
-45
-384
-27
-418
-445
-300
-23
-411
-410
-29
-22
-351
-300
-10
-225
-146
-25
-117
-242
-497
-272
-222
-129
-448
-495
-438
-452
-374
-193
-272
-446
-298
-352
-431
-321
-114
-42
-381
-33
-155
-248
-202
-464
-308
-72
-5
-481
-278
-259
-494
-452
-431
-65
-36
-24
-250
-48
-318
-200
-214
-456
-290
-386
-312
-426
-80
-342
-173
-2
-205
-48
-164
-294
-165
-352
-114
-225
-369
-452
-301
-217
-496
-138
-223
-492
-40
-141
-273
-40
-361
-249
-239
-25
-167
-240
-240
-463
-372
-117
-96
-306
-2
-489
-373
-58
-291
-306
-388
-396
-4
-390
-74
-133
-453
-95
-499
-143
-281
-220
-402
-330
-403
-47
-175
-211
-112
-51
-165
-4
-245
-92
-137
-381
-365
-73
-321
-487
-103
-135
-162
-317
-288
-276
-194
-139
-154
-84
-343
-132
-186
-277
-47
-315
9
-13
-136
-474
-161
-189
-437
-217
-314
-304
-208
-320
-181
-463
-105
-446
-364
-111
-105
-487
-151
-402
-157
-281
-90
-349
-150
-338
-321
-278
-220
-447
-224
-337
-93
-76
-441
-114
-329
-337
-428
-296
-364
-115
-301
-204
-386
-290
-317
-429
-205
-289
-331
-436
-492
-81
-45
-237
-355
-470
-127
-209
-328
-2
-421
-92
-263
-380
-408
-317
-304
-335
-444
-316
-430
-326
-95
-108
-497
-359
9
-389
-334
-61
-122
-314
-463
-271
-181
-274
-336
-421
-326
-25
-47
-224
-434
-352
-451
-76
-3
-399
-148
-249
-459
-60
-469
-500
-65
-257
-206
-292
-220
-396
-395
-143
-233
-255
-425
-96
-262
-478
-212
-132
-160
-246
-321
-343
-484
-353
-435
-57
-190
-369
-454
-324
-90
-239
-81
-413
-163
-110
-53
-477
-458
-23
-443
-462
-371
-156
-244
-61
-169
-453
-88
-463
-226
-22
-354
-458
-42
-246
-192
-187
-387
-287
-322
-316
-96
-79
-364
-90
-341
-183
-219
-477
-168
-267
-242
-227
-402
-494
-381
-75
-362
-184
-317
-439
-41
-261
-23
-396
-56
-75
-444
-400
-371
-363
-129
-400
-424
-268
-302
-4
-150
-226
-360
-496
-355
-235
-302
-342
-470
-149
-128
-123
-132
-181
-224
-25
-220
-476
-48
-77
-300
-492
-371
-92
-452
2
-70
-225
-9
-416
-24
-268
-301
-494
-164
-254
-159
-227
-490
-367
-280
-407
-189
-259
-127
-255
-186
-38
-185
-308
-248
-421
-240
-256
-181
-458
-359
-11
-395
-413
-211
-286
-264
-214
-425
-278
-106
-241
-462
-396
-117
-376
-180
-373
-494
-381
-94
-442
-67
-486
-232
-280
-262
-124
-266
-192
-62
-240
-34
-178
-287
-134
-90
-332
-370
-61
-458
-301
-263
-274
-14
-485
-69
-80
-142
-181
-463
-396
-432
-293
-423
-110
2
-486
-236
-130
-280
-444
-282
-266
-289
-490
-123
-87
-357
-250
-213
-14
-189
-466
-439
2
-312
-273
-459
-354
-443
-234
-150
-475
-459
-422
-327
-13
-210
-447
-394
-394
-75
-431
-195
-482
-21
-472
-438
-375
-71
-405
-280
-374
-386
-327
7
-427
-38
